%YAML:1.0
K1: !!opencv-matrix
   rows: 3
   cols: 3
   dt: d
   data: [ 6.1001471635786947e+02, 0., 5.7825761647687000e+02, 0.,
       6.0921505856392776e+02, 5.1292495558056601e+02, 0., 0., 1. ]
K2: !!opencv-matrix
   rows: 3
   cols: 3
   dt: d
   data: [ 6.0737024092605589e+02, 0., 7.1241142221672999e+02, 0.,
       6.0664641904350685e+02, 5.2802187411494958e+02, 0., 0., 1. ]
D1: [ -1.3961434569514503e-02, -4.6833036867979265e-03,
    2.3077100776171695e-04, 1.2581705795438250e-04 ]
D2: [ -1.5060316138047987e-02, -7.9184452604749728e-03,
    1.2495764480889794e-02, -1.0455645084061682e-02 ]
R: !!opencv-matrix
   rows: 3
   cols: 3
   dt: d
   data: [ 9.9988229456886213e-01, -1.3294955812496402e-03,
       1.5284941910479560e-02, 5.2815117188570395e-04,
       9.9863064978504001e-01, 5.2312009770686681e-02,
       -1.5333560057825209e-02, -5.2297779603040710e-02,
       9.9851380770850884e-01 ]
T: [ -1.9954291107670410e-01, 8.3521933859803991e-04,
    9.2952407164673687e-04 ]
R1: !!opencv-matrix
   rows: 3
   cols: 3
   dt: d
   data: [ 9.9993190363371864e-01, -5.2657064807227856e-03,
       1.0414433767926768e-02, 4.9912543305692036e-03,
       9.9964410975713325e-01, 2.6205747615284332e-02,
       -1.0548719147613770e-02, -2.6151982011451452e-02,
       9.9960232010595973e-01 ]
R2: !!opencv-matrix
   rows: 3
   cols: 3
   dt: d
   data: [ 9.9998039096656444e-01, -4.1855807166875127e-03,
       -4.6581752243790697e-03, 4.0621977361022851e-03,
       9.9964875834267664e-01, -2.6188900196411378e-02,
       4.7661548348465078e-03, 2.6169464228540940e-02,
       9.9964615885326213e-01 ]
P1: !!opencv-matrix
   rows: 3
   cols: 4
   dt: d
   data: [ 4.0556294948222268e+02, 0., 6.6553303494408317e+02, 0., 0.,
       4.0556294948222268e+02, 5.2477337941512542e+02, 0., 0., 0., 1.,
       0. ]
P2: !!opencv-matrix
   rows: 3
   cols: 4
   dt: d
   data: [ 4.0556294948222268e+02, 0., 6.6553303494408317e+02,
       -8.0928798500052679e+01, 0., 4.0556294948222268e+02,
       5.2477337941512542e+02, 0., 0., 0., 1., 0. ]
Q: !!opencv-matrix
   rows: 4
   cols: 4
   dt: d
   data: [ 1., 0., 0., -6.6553303494408317e+02, 0., 1., 0.,
       -5.2477337941512542e+02, 0., 0., 0., 4.0556294948222268e+02, 0.,
       0., 5.0113551294346559e+00, 0. ]
