%YAML:1.0
K1: !!opencv-matrix
   rows: 3
   cols: 3
   dt: d
   data: [ 6.0688516282798867e+02, 0., 6.2586092946510064e+02, 0.,
       6.0666165308657025e+02, 5.1468894061570006e+02, 0., 0., 1. ]
K2: !!opencv-matrix
   rows: 3
   cols: 3
   dt: d
   data: [ 6.0691667699578181e+02, 0., 5.9958870322037615e+02, 0.,
       6.0644345142187331e+02, 5.1019375429166286e+02, 0., 0., 1. ]
D1: [ -1.3436682051417442e-02, -1.2470330537205287e-02,
    1.6542739677420759e-02, -8.1492141807542641e-03 ]
D2: [ -1.6645713039289575e-02, -6.9787963688778456e-03,
    1.4832133887904985e-02, -1.2189766944180093e-02 ]
R: !!opencv-matrix
   rows: 3
   cols: 3
   dt: d
   data: [ 9.9993459544355545e-01, 6.0668344654416012e-03,
       9.6952748646925973e-03, -6.1012948697534977e-03,
       9.9997516080976789e-01, 3.5287341060532521e-03,
       -9.6736257962219008e-03, -3.5876570415570275e-03,
       9.9994677342391924e-01 ]
T: [ -1.2482550722441867e-01, 2.8032758911576466e-04,
    3.6890844921315266e-04 ]
R1: !!opencv-matrix
   rows: 3
   cols: 3
   dt: d
   data: [ 9.9996999817528953e-01, 3.8317111310778697e-03,
       6.7320679675162776e-03, -3.8436887280488600e-03,
       9.9999105158068213e-01, 1.7671489816854216e-03,
       -6.7252365217258282e-03, -1.7929719377546415e-03,
       9.9997577792932424e-01 ]
R2: !!opencv-matrix
   rows: 3
   cols: 3
   dt: d
   data: [ 9.9999311118760559e-01, -2.2457401874612696e-03,
       -2.9553727926355904e-03, 2.2404758386790329e-03,
       9.9999589988992110e-01, -1.7833876088720201e-03,
       2.9593657005048827e-03, 1.7767538821131621e-03,
       9.9999404263240133e-01 ]
P1: !!opencv-matrix
   rows: 3
   cols: 4
   dt: d
   data: [ 4.4334422051736999e+02, 0., 5.6956530888153907e+02, 0., 0.,
       4.4334422051736999e+02, 5.1260512250113698e+02, 0., 0., 0., 1.,
       0. ]
P2: !!opencv-matrix
   rows: 3
   cols: 4
   dt: d
   data: [ 4.4334422051736999e+02, 0., 5.6956530888153907e+02,
       -5.5341048435195589e+01, 0., 4.4334422051736999e+02,
       5.1260512250113698e+02, 0., 0., 0., 1., 0. ]
Q: !!opencv-matrix
   rows: 4
   cols: 4
   dt: d
   data: [ 1., 0., 0., -5.6956530888153907e+02, 0., 1., 0.,
       -5.1260512250113698e+02, 0., 0., 0., 4.4334422051736999e+02, 0.,
       0., 8.0111279611286434e+00, 0. ]
