%YAML:1.0
K1: !!opencv-matrix
   rows: 3
   cols: 3
   dt: d
   data: [ 6.0584997558593750e+02, 0., 6.2509899902343750e+02, 0.,
       6.0529400634765625e+02, 5.1533197021484375e+02, 0., 0., 1. ]
K2: !!opencv-matrix
   rows: 3
   cols: 3
   dt: d
   data: [ 6.0467102050781250e+02, 0., 5.9909698486328125e+02, 0.,
       6.0406201171875000e+02, 5.0945901489257812e+02, 0., 0., 1. ]
D1: [ -1.6114100813865662e-02, 1.0759800206869841e-03,
    -1.5011200448498130e-03, -1.0001599730458111e-04 ]
D2: [ -6.9732498377561569e-03, -1.6181999817490578e-02,
    1.2229500338435173e-02, -4.5266300439834595e-03 ]
R: !!opencv-matrix
   rows: 3
   cols: 3
   dt: d
   data: [ 9.9994277954101562e-01, 5.9356139972805977e-03,
       8.8996281847357750e-03, -5.9666554443538189e-03,
       9.9997621774673462e-01, 3.4654440823942423e-03,
       -8.8788466528058052e-03, -3.5183469299226999e-03,
       9.9995440244674683e-01 ]
T: [ -1.9973671436309814e-01, 6.7334354389458895e-04,
    6.1168562388047576e-04 ]
R1: !!opencv-matrix
   rows: 3
   cols: 3
   dt: d
   data: [ 9.9997971513865835e-01, 2.5752867544304539e-03,
       5.8255651520057999e-03, -2.5854712479693744e-03,
       9.9999514144415502e-01, 1.7413863759109490e-03,
       -5.8210522789039652e-03, -1.7564128833334220e-03,
       9.9998151501122756e-01 ]
R2: !!opencv-matrix
   rows: 3
   cols: 3
   dt: d
   data: [ 9.9998962848681738e-01, -3.3711206397697246e-03,
       -3.0624278651222841e-03, 3.3657595641404907e-03,
       9.9999279743024361e-01, -1.7540667581283200e-03,
       3.0683189784238099e-03, 1.7437411699253223e-03,
       9.9999377237329801e-01 ]
P1: !!opencv-matrix
   rows: 3
   cols: 4
   dt: d
   data: [ 4.0757619088718195e+02, 0., 6.7943518753797537e+02, 0., 0.,
       4.0757619088718195e+02, 2.8199671665977280e+02, 0., 0., 0., 1.,
       0. ]
P2: !!opencv-matrix
   rows: 3
   cols: 4
   dt: d
   data: [ 4.0757619088718195e+02, 0., 6.7943518753797537e+02,
       -8.1408773552600721e+01, 0., 4.0757619088718195e+02,
       2.8199671665977280e+02, 0., 0., 0., 1., 0. ]
Q: !!opencv-matrix
   rows: 4
   cols: 4
   dt: d
   data: [ 1., 0., 0., -6.7943518753797537e+02, 0., 1., 0.,
       -2.8199671665977280e+02, 0., 0., 0., 4.0757619088718195e+02, 0.,
       0., 5.0065388913374846e+00, 0. ]
