camera_matrix:
  cols: 3
  data: [605.85, 0.0, 625.099, 0.0, 605.294, 515.332, 0.0, 0.0, 1.0]
  rows: 3
camera_name: left
distortion_coefficients:
  cols: 4
  data: [-0.0161141, 0.00107598, -0.00150112, -0.000100016]
  rows: 1
distortion_model: equidistant
image_height: 1024
image_width: 1280
projection_matrix:
  cols: 4
  data: [605.85, 0.0, 625.099, 0.0, 0.0, 605.294, 515.332, 0.0, 0.0, 0.0, 1.0, 0.0]
  rows: 3
rectification_matrix:
  cols: 3
  data: [1.0, 0.0, 0.0, 0.0, 1.0, 0.0, 0.0, 0.0, 1.0]
  rows: 3
