cam0:
  T_cam_imu:
  - [-0.99995033081,  0.00272734421,  0.00958631837,  0.02535437917]
  - [-0.00272018271, -0.99999601149,  0.00076001320,  0.02040907763]
  - [ 0.00958835296,  0.00073389892,  0.99995376137, -0.02218717012]
  - [ 0.00000000000,  0.00000000000,  0.00000000000,  1.00000000000]
  camera_model: pinhole
  intrinsics: [605.85, 605.294, 625.099, 515.332]
  distortion_model: equidistant
  distortion_coeffs: [-0.0161141, 0.00107598, -0.00150112, -0.000100016]
  resolution: [1280, 1024]
  rostopic: /fla/ovc/left/image_raw
cam1:
  T_cam_imu:
  - [-0.99982392775, -0.00320187093,  0.01848949738, -0.17446010259]
  - [ 0.00327946904, -0.99998593600,  0.00416808076,  0.02085376611]
  - [ 0.01847589170,  0.00422798262,  0.99982036666, -0.02187139646]
  - [ 0.00000000000,  0.00000000000,  0.00000000000,  1.00000000000]
  T_cn_cnm1:
  - [ 0.99994278092,  0.00593561418,  0.00889962790, -0.19973671385]
  - [-0.00596665545,  0.99997619458,  0.00346544415,  0.00067334357]
  - [-0.00887884650, -0.00351834687,  0.99995439262,  0.00061168562]
  - [ 0.00000000000,  0.00000000000,  0.00000000000,  1.00000000000]
  camera_model: pinhole
  intrinsics: [604.671, 604.062, 599.097, 509.459]
  distortion_model: equidistant
  distortion_coeffs: [-0.00697325, -0.016182, 0.0122295, -0.00452663]
  resolution: [1280, 1024]
  rostopic: /fla/ovc/right/image_raw
cam2:
  T_cam_imu:
  - [ 0.99934614126,  0.01603965810, -0.03240400147,  0.11031197057]
  - [-0.01371137486,  0.99739357440,  0.07083823791,  0.09570980869]
  - [ 0.03345576398, -0.07034761629,  0.99696134566, -0.10405331615]
  - [ 0.00000000000,  0.00000000000,  0.00000000000,  1.00000000000]
  T_cn_cnm1:
  - [-0.99982067476, -0.01289717029, -0.01386655417, -0.06415117325]
  - [ 0.01182519860, -0.99712925358,  0.07478914581,  0.12020247735]
  - [-0.01479131516,  0.07461175947,  0.99710295474, -0.08638171266]
  - [ 0.00000000000,  0.00000000000,  0.00000000000,  1.00000000000]
  camera_model: pinhole
  intrinsics: [578.532, 577.52, 323.261, 255.9]
  distortion_model: radtan
  distortion_coeffs: [-0.0446755, 0.0835225, 0.00188952, 1.45922e-05]
  resolution: [640, 480]
  rostopic: /fla/image_conversion/converted_image
T_imu_body:
  - [ 1.00000000000,  0.00000000000,  0.00000000000,  0.00000000000]
  - [ 0.00000000000,  1.00000000000,  0.00000000000,  0.00000000000]
  - [ 0.00000000000,  0.00000000000,  1.00000000000,  0.00000000000]
  - [ 0.00000000000,  0.00000000000,  0.00000000000,  1.00000000000]
