camera_matrix:
  cols: 3
  data: [604.671, 0.0, 599.097, 0.0, 604.062, 509.459, 0.0, 0.0, 1.0]
  rows: 3
camera_name: right
distortion_coefficients:
  cols: 4
  data: [-0.00697325, -0.016182, 0.0122295, -0.00452663]
  rows: 1
distortion_model: equidistant
image_height: 1024
image_width: 1280
projection_matrix:
  cols: 4
  data: [604.671, 0.0, 599.097, 0.0, 0.0, 604.062, 509.459, 0.0, 0.0, 0.0, 1.0, 0.0]
  rows: 3
rectification_matrix:
  cols: 3
  data: [1.0, 0.0, 0.0, 0.0, 1.0, 0.0, 0.0, 0.0, 1.0]
  rows: 3
